6.589999999999999858e+00 2.086308400000000000e+07 1.000000000000000000e+00
6.339999999999999858e+00 4.676590700000000000e+07 1.000000000000000000e+00
6.370000000000000107e+00 5.111879900000000000e+07 1.000000000000000000e+00
7.000000000000000000e+00 1.222430730000000000e+08 1.000000000000000000e+00
7.049999999999999822e+00 1.088149020000000000e+08 1.000000000000000000e+00
7.230000000000000426e+00 5.112931200000000000e+07 1.000000000000000000e+00
7.480000000000000426e+00 5.977854100000000000e+07 1.000000000000000000e+00
7.580000000000000071e+00 5.887159100000000000e+07 1.000000000000000000e+00
7.580000000000000071e+00 7.594996500000000000e+07 1.000000000000000000e+00
7.599999999999999645e+00 7.197221600000000000e+07 1.000000000000000000e+00
7.719999999999999751e+00 4.463698500000000000e+07 1.000000000000000000e+00
7.349999999999999645e+00 8.798624400000000000e+07 1.000000000000000000e+00
7.370000000000000107e+00 6.638981400000000000e+07 1.000000000000000000e+00
7.080000000000000071e+00 6.763088700000000000e+07 1.000000000000000000e+00
7.030000000000000249e+00 5.972580900000000000e+07 1.000000000000000000e+00
7.179999999999999716e+00 5.926625400000000000e+07 1.000000000000000000e+00
7.309999999999999609e+00 4.043958300000000000e+07 1.000000000000000000e+00
7.290000000000000036e+00 4.005458700000000000e+07 1.000000000000000000e+00
7.429999999999999716e+00 3.889824500000000000e+07 1.000000000000000000e+00
7.339999999999999858e+00 3.080344300000000000e+07 1.000000000000000000e+00
7.440000000000000391e+00 2.725714900000000000e+07 1.000000000000000000e+00
7.589999999999999858e+00 4.465648700000000000e+07 1.000000000000000000e+00
7.230000000000000426e+00 6.946254700000000000e+07 1.000000000000000000e+00
7.160000000000000142e+00 3.544482400000000000e+07 1.000000000000000000e+00
7.019999999999999574e+00 4.604265900000000000e+07 1.000000000000000000e+00
3.370000000000000107e+00 1.433400000000000000e+05 2.000000000000000000e+00
3.200000000000000178e+00 4.551570000000000000e+05 2.000000000000000000e+00
3.080000000000000071e+00 4.171610000000000000e+05 2.000000000000000000e+00
2.890000000000000124e+00 1.714742000000000000e+06 2.000000000000000000e+00
2.970000000000000195e+00 5.621730000000000000e+05 2.000000000000000000e+00
3.040000000000000036e+00 3.099450000000000000e+05 2.000000000000000000e+00
2.950000000000000178e+00 4.995120000000000000e+05 2.000000000000000000e+00
3.060000000000000053e+00 4.262410000000000000e+05 2.000000000000000000e+00
2.939999999999999947e+00 5.841780000000000000e+05 2.000000000000000000e+00
3.080000000000000071e+00 4.241120000000000000e+05 2.000000000000000000e+00
2.910000000000000142e+00 5.394490000000000000e+05 2.000000000000000000e+00
2.870000000000000107e+00 5.173530000000000000e+05 2.000000000000000000e+00
2.740000000000000213e+00 5.487910000000000000e+05 2.000000000000000000e+00
2.729999999999999982e+00 1.657652000000000000e+06 2.000000000000000000e+00
2.910000000000000142e+00 7.797260000000000000e+05 2.000000000000000000e+00
2.979999999999999982e+00 7.996910000000000000e+05 2.000000000000000000e+00
3.060000000000000053e+00 5.918810000000000000e+05 2.000000000000000000e+00
3.410000000000000142e+00 2.561632000000000000e+06 2.000000000000000000e+00
3.359999999999999876e+00 7.840070000000000000e+05 2.000000000000000000e+00
3.220000000000000195e+00 4.454550000000000000e+05 2.000000000000000000e+00
3.370000000000000107e+00 5.135390000000000000e+05 2.000000000000000000e+00
3.299999999999999822e+00 5.014060000000000000e+05 2.000000000000000000e+00
3.169999999999999929e+00 3.796020000000000000e+05 2.000000000000000000e+00
3.120000000000000107e+00 3.698820000000000000e+05 2.000000000000000000e+00
3.080000000000000071e+00 5.149010000000000000e+05 2.000000000000000000e+00
1.399999999999999911e+00 1.731227000000000000e+06 3.000000000000000000e+00
1.310000000000000053e+00 7.754040000000000000e+05 3.000000000000000000e+00
1.320000000000000062e+00 5.512380000000000000e+05 3.000000000000000000e+00
1.340000000000000080e+00 5.079790000000000000e+05 3.000000000000000000e+00
1.409999999999999920e+00 6.286040000000000000e+05 3.000000000000000000e+00
1.399999999999999911e+00 6.508440000000000000e+05 3.000000000000000000e+00
1.399999999999999911e+00 4.751930000000000000e+05 3.000000000000000000e+00
1.429999999999999938e+00 5.628070000000000000e+05 3.000000000000000000e+00
1.389999999999999902e+00 4.442390000000000000e+05 3.000000000000000000e+00
1.399999999999999911e+00 5.093250000000000000e+05 3.000000000000000000e+00
1.379999999999999893e+00 3.377500000000000000e+05 3.000000000000000000e+00
1.439999999999999947e+00 6.799190000000000000e+05 3.000000000000000000e+00
1.389999999999999902e+00 6.626340000000000000e+05 3.000000000000000000e+00
1.389999999999999902e+00 3.199110000000000000e+05 3.000000000000000000e+00
1.379999999999999893e+00 2.638390000000000000e+05 3.000000000000000000e+00
1.399999999999999911e+00 3.023380000000000000e+05 3.000000000000000000e+00
1.270000000000000018e+00 7.293680000000000000e+05 3.000000000000000000e+00
1.330000000000000071e+00 5.751650000000000000e+05 3.000000000000000000e+00
1.270000000000000018e+00 3.293810000000000000e+05 3.000000000000000000e+00
1.209999999999999964e+00 6.035840000000000000e+05 3.000000000000000000e+00
1.260000000000000009e+00 8.940840000000000000e+05 3.000000000000000000e+00
1.189999999999999947e+00 6.629260000000000000e+05 3.000000000000000000e+00
1.169999999999999929e+00 5.575620000000000000e+05 3.000000000000000000e+00
1.129999999999999893e+00 4.507490000000000000e+05 3.000000000000000000e+00
1.149999999999999911e+00 8.201630000000000000e+05 3.000000000000000000e+00
